epoch:0 0.2887  0.5894  0.2375  0.1354  0.2153  0.3205  0.2999  0.4727  0.4842  0.2693  0.4383  0.5052  0.4729  0.010000
epoch:1 0.3625  0.6707  0.3578  0.1789  0.2830  0.3989  0.3581  0.5223  0.5306  0.2775  0.4462  0.5703  0.3538  0.010000
epoch:2 0.3705  0.6825  0.3598  0.1652  0.2890  0.4100  0.3650  0.5406  0.5506  0.3310  0.4765  0.5833  0.3216  0.010000
