epoch:0 0.3349  0.6519  0.3066  0.1452  0.2531  0.3696  0.3426  0.5158  0.5276  0.3422  0.4401  0.5584  0.4717  0.010000
epoch:1 0.3405  0.6400  0.3288  0.1310  0.2533  0.3772  0.3439  0.5162  0.5280  0.2909  0.4541  0.5514  0.3552  0.010000
epoch:2 0.3745  0.6802  0.3725  0.1751  0.3035  0.4088  0.3585  0.5363  0.5470  0.3466  0.4967  0.5727  0.3187  0.010000
epoch:3 0.4703  0.7619  0.5135  0.1993  0.3723  0.5152  0.4244  0.6040  0.6114  0.3511  0.5196  0.6508  0.2499  0.003300
