epoch:0 0.3294  0.6726  0.2732  0.1681  0.2682  0.3565  0.3344  0.4986  0.5112  0.3080  0.4461  0.5338  0.4884  0.010000
epoch:1 0.3704  0.6740  0.3689  0.1375  0.2703  0.4148  0.3599  0.5315  0.5420  0.2938  0.4588  0.5743  0.3367  0.010000
